1079 30 15 4 100
4001 16001 Hipokrati_4001_16001 20
1001 1 Bill_Klinton_1001_1 99
1 2 Bill_Klinton_1_2 50
2 2001 Robert_Doll_2_2001 266
2001 15001 Ukshin_Hoti_2001_15001 93
15001 15 Ukshin_Hoti_15001_15 20
15 15002 Garibaldi_15_15002 20
15001 15 Ukshin_Hoti_15001_15 60
15 15004 Dritan_Hoxha_15_15004 78
15004 14004 Tirana_15004_14004 122
15001 15 Ukshin_Hoti_15001_15 69
15 15003 Luan_Haradinaj_15_15003 20
15003 14002 Josip_Rela_15003_14002 95
14002 14 UÇK_14002_14 40
14 14003 Lidhja_e_Prizrenit_14_14003 27
2	4001 16001 Hipokrati_4001_16001  4001 16001 Hipokrati_4001_16001
7	1001 1 Bill_Klinton_1001_1  1 2 Bill_Klinton_1_2  2 2001 Robert_Doll_2_2001  2001 15001 Ukshin_Hoti_2001_15001  15001 15 Ukshin_Hoti_15001_15  15 15002 Garibaldi_15_15002  15 15002 Garibaldi_15_15002
4	15001 15 Ukshin_Hoti_15001_15  15 15004 Dritan_Hoxha_15_15004  15004 14004 Tirana_15004_14004  15004 14004 Tirana_15004_14004
6	15001 15 Ukshin_Hoti_15001_15  15 15003 Luan_Haradinaj_15_15003  15003 14002 Josip_Rela_15003_14002  14002 14 UÇK_14002_14  14 14003 Lidhja_e_Prizrenit_14_14003  14 14003 Lidhja_e_Prizrenit_14_14003
